Z;N;AME20;Prediction;Difference
8.0;13.0;6.706085;984110400.0;-984110393.293915
8.0;16.0;15.52323;984110400.0;-984110384.47677
9.0;14.0;-0.5851945;984110400.0;-984110400.5851945
9.0;17.0;14.97313;984110400.0;-984110385.02687
10.0;14.0;-8.411092;984110400.0;-984110408.411092
10.0;17.0;4.342456;984110400.0;-984110395.657544
10.0;20.0;19.86524;984110400.0;-984110380.13476
11.0;15.0;-8.535248;984110400.0;-984110408.535248
11.0;18.0;0.9728745;984110400.0;-984110399.0271255
11.0;21.0;18.63153;984110400.0;-984110381.36847
12.0;16.0;-16.89657;984110400.0;-984110416.89657
12.0;19.0;-3.873772;984110400.0;-984110403.873772
12.0;22.0;7.765139;984110400.0;-984110392.234861
13.0;10.0;6.680518;984110400.0;-984110393.319482
13.0;16.0;-18.40451;984110400.0;-984110418.40451
13.0;19.0;-11.43949;984110400.0;-984110411.43949
13.0;22.0;-2.063282;984110400.0;-984110402.063282
13.0;25.0;14.64415;984110400.0;-984110385.35585
14.0;18.0;-24.22842;984110400.0;-984110424.22842
14.0;21.0;-15.62569;984110400.0;-984110415.62569
14.0;24.0;-5.918415;984110400.0;-984110405.918415
14.0;27.0;11.30699;984110400.0;-984110388.69301
15.0;20.0;-25.40756;984110400.0;-984110425.40756
15.0;23.0;-15.24789;984110400.0;-984110415.24789
15.0;26.0;-6.99216;984110400.0;-984110406.99216
16.0;12.0;3.491592;984110400.0;-984110396.508408
16.0;21.0;-27.27441;984110400.0;-984110427.27441
16.0;24.0;-23.97731;984110400.0;-984110423.97731
16.0;27.0;-12.6283;984110400.0;-984110412.6283
17.0;14.0;-6.1897;984110400.0;-984110406.1897
17.0;20.0;-30.77861;984110400.0;-984110430.77861
17.0;23.0;-28.02813;984110400.0;-984110428.02813
17.0;26.0;-25.0262;984110400.0;-984110425.0262
17.0;29.0;-13.84311;984110400.0;-984110413.84311
18.0;22.0;-36.28851;984110400.0;-984110436.28851
18.0;25.0;-31.99956;984110400.0;-984110431.99956
18.0;28.0;-29.31816;984110400.0;-984110429.31816
19.0;23.0;-35.27662;984110400.0;-984110435.27662
19.0;26.0;-37.55019;984110400.0;-984110437.55019
19.0;29.0;-32.25288;984110400.0;-984110432.25288
19.0;32.0;-22.34079;984110400.0;-984110422.34079
20.0;24.0;-42.58924;984110400.0;-984110442.58924
20.0;27.0;-42.01372;984110400.0;-984110442.01372
20.0;30.0;-39.4045;984110400.0;-984110439.4045
21.0;18.0;-14.06734;984110400.0;-984110414.06734
21.0;24.0;-41.68658;984110400.0;-984110441.68658
21.0;27.0;-44.45676;984110400.0;-984110444.45676
21.0;30.0;-43.70134;984110400.0;-984110443.70134
21.0;33.0;-34.31269;984110400.0;-984110434.31269
22.0;19.0;-16.0895;984110400.0;-984110416.0895
22.0;25.0;-44.64833;984110400.0;-984110444.64833
22.0;28.0;-51.72329;984110400.0;-984110451.72329
22.0;31.0;-47.01226;984110400.0;-984110447.01226
22.0;34.0;-40.97029;984110400.0;-984110440.97029
23.0;27.0;-48.83425;984110400.0;-984110448.83425
23.0;30.0;-52.13556;984110400.0;-984110452.13556
23.0;33.0;-46.48563;984110400.0;-984110446.48563
23.0;36.0;-38.84065;984110400.0;-984110438.84065
24.0;21.0;-20.26027;984110400.0;-984110420.26027
24.0;27.0;-51.61672;984110400.0;-984110451.61672
24.0;30.0;-57.46635;984110400.0;-984110457.46635
24.0;33.0;-53.8467;984110400.0;-984110453.8467
24.0;36.0;-48.56445;984110400.0;-984110448.56445
24.0;39.0;-37.32976;984110400.0;-984110437.32976
25.0;30.0;-57.28946;984110400.0;-984110457.28946
25.0;33.0;-55.70011;984110400.0;-984110455.70011
25.0;36.0;-52.73977;984110400.0;-984110452.73977
25.0;40.0;-42.39555;984110400.0;-984110442.39555
26.0;30.0;-60.47476;984110400.0;-984110460.47476
26.0;33.0;-60.76323;984110400.0;-984110460.76323
26.0;36.0;-59.84792;984110400.0;-984110459.84792
26.0;39.0;-52.13173;984110400.0;-984110452.13173
26.0;42.0;-45.53207;984110400.0;-984110445.53207
27.0;30.0;-58.10697;984110400.0;-984110458.10697
27.0;33.0;-60.95451;984110400.0;-984110460.95451
27.0;36.0;-62.08578;984110400.0;-984110462.08578
27.0;39.0;-56.68325;984110400.0;-984110456.68325
27.0;42.0;-51.77514;984110400.0;-984110451.77514
28.0;25.0;-28.53472;984110400.0;-984110428.53472
28.0;31.0;-60.02106;984110400.0;-984110460.02106
28.0;34.0;-66.28459;984110400.0;-984110466.28459
28.0;37.0;-65.14212;984110400.0;-984110465.14212
28.0;40.0;-63.71502;984110400.0;-984110463.71502
28.0;43.0;-56.00735;984110400.0;-984110456.00735
29.0;26.0;-30.79504;984110400.0;-984110430.79504
29.0;33.0;-61.86945;984110400.0;-984110461.86945
29.0;36.0;-67.4668;984110400.0;-984110467.4668
29.0;39.0;-65.89723;984110400.0;-984110465.89723
29.0;42.0;-64.14249;984110400.0;-984110464.14249
29.0;45.0;-56.69292;984110400.0;-984110456.69292
29.0;49.0;-45.71107;984110400.0;-984110445.71107
30.0;33.0;-61.84377;984110400.0;-984110461.84377
30.0;36.0;-69.32295;984110400.0;-984110469.32295
30.0;39.0;-69.18867;984110400.0;-984110469.18867
30.0;42.0;-69.11524;984110400.0;-984110469.11524
30.0;45.0;-63.43277;984110400.0;-984110463.43277
30.0;48.0;-58.25193;984110400.0;-984110458.25193
30.0;51.0;-46.75099;984110400.0;-984110446.75099
31.0;35.0;-62.94585;984110400.0;-984110462.94585
31.0;38.0;-69.96304;984110400.0;-984110469.96304
31.0;41.0;-69.49521;984110400.0;-984110469.49521
31.0;44.0;-69.45433;984110400.0;-984110469.45433
31.0;47.0;-63.84708;984110400.0;-984110463.84708
31.0;50.0;-57.80045;984110400.0;-984110457.80045
32.0;37.0;-67.6301;984110400.0;-984110467.6301
32.0;40.0;-73.64781;984110400.0;-984110473.64781
32.0;43.0;-73.19028;984110400.0;-984110473.19028
32.0;46.0;-72.95856;984110400.0;-984110472.95856
32.0;49.0;-66.52893;984110400.0;-984110466.52893
32.0;52.0;-58.45606;984110400.0;-984110458.45606
33.0;36.0;-63.3922;984110400.0;-984110463.3922
33.0;39.0;-69.08914;984110400.0;-984110469.08914
33.0;42.0;-74.23106;984110400.0;-984110474.23106
33.0;45.0;-73.65627;984110400.0;-984110473.65627
33.0;48.0;-73.22083;984110400.0;-984110473.22083
33.0;51.0;-66.10947;984110400.0;-984110466.10947
33.0;54.0;-56.34697;984110400.0;-984110456.34697
34.0;38.0;-68.2676;984110400.0;-984110468.2676
34.0;41.0;-72.8838;984110400.0;-984110472.8838
34.0;44.0;-78.18887;984110400.0;-984110478.18887
34.0;47.0;-76.86011;984110400.0;-984110476.86011
34.0;50.0;-75.77594;984110400.0;-984110475.77594
34.0;53.0;-66.2277;984110400.0;-984110466.2277
34.0;56.0;-56.15423;984110400.0;-984110456.15423
35.0;39.0;-65.68692;984110400.0;-984110465.68692
35.0;42.0;-74.35986;984110400.0;-984110474.35986
35.0;45.0;-76.60407;984110400.0;-984110476.60407
35.0;48.0;-79.66382;984110400.0;-984110479.66382
35.0;51.0;-75.85527;984110400.0;-984110475.85527
35.0;54.0;-68.45607;984110400.0;-984110468.45607
35.0;57.0;-56.47546;984110400.0;-984110456.47546
36.0;39.0;-64.43017;984110400.0;-984110464.43017
36.0;42.0;-74.86287;984110400.0;-984110474.86287
36.0;45.0;-78.45928;984110400.0;-984110478.45928
36.0;48.0;-82.79921;984110400.0;-984110482.79921
36.0;51.0;-80.58336;984110400.0;-984110480.58336
36.0;54.0;-74.73413;984110400.0;-984110474.73413
36.0;57.0;-64.07858;984110400.0;-984110464.07858
36.0;60.0;-53.92459;984110400.0;-984110453.92459
37.0;41.0;-66.48859;984110400.0;-984110466.48859
37.0;44.0;-76.49943;984110400.0;-984110476.49943
37.0;47.0;-80.3969;984110400.0;-984110480.3969
37.0;50.0;-84.05481;984110400.0;-984110484.05481
37.0;53.0;-78.5177;984110400.0;-984110478.5177
37.0;56.0;-72.44361;984110400.0;-984110472.44361
37.0;59.0;-61.3375;984110400.0;-984110461.3375
37.0;62.0;-51.83325;984110400.0;-984110451.83325
38.0;42.0;-70.37267;984110400.0;-984110470.37267
38.0;45.0;-77.05386;984110400.0;-984110477.05386
38.0;48.0;-84.90459;984110400.0;-984110484.90459
38.0;51.0;-85.59884;984110400.0;-984110485.59884
38.0;54.0;-82.53453;984110400.0;-984110482.53453
38.0;57.0;-74.26009;984110400.0;-984110474.26009
38.0;60.0;-66.65668;984110400.0;-984110466.65668
38.0;63.0;-55.07768;984110400.0;-984110455.07768
39.0;44.0;-72.94773;984110400.0;-984110472.94773
39.0;47.0;-79.93821;984110400.0;-984110479.93821
39.0;50.0;-87.18847;984110400.0;-984110487.18847
39.0;53.0;-83.72927;984110400.0;-984110483.72927
39.0;56.0;-80.44674;984110400.0;-984110480.44674
39.0;59.0;-72.2254;984110400.0;-984110472.2254
39.0;62.0;-64.89651;984110400.0;-984110464.89651
40.0;44.0;-71.34337;984110400.0;-984110471.34337
40.0;47.0;-79.04068;984110400.0;-984110479.04068
40.0;50.0;-88.7948;984110400.0;-984110488.7948
40.0;53.0;-86.57627;984110400.0;-984110486.57627
40.0;56.0;-84.57552;984110400.0;-984110484.57552
40.0;59.0;-77.60021;984110400.0;-984110477.60021
40.0;62.0;-71.59692;984110400.0;-984110471.59692
40.0;65.0;-61.06385;984110400.0;-984110461.06385
41.0;45.0;-68.71753;984110400.0;-984110468.71753
41.0;48.0;-81.33154;984110400.0;-984110481.33154
41.0;51.0;-86.637;984110400.0;-984110486.637
41.0;54.0;-87.14198;984110400.0;-984110487.14198
41.0;57.0;-83.0418;984110400.0;-984110483.0418
41.0;60.0;-79.22688;984110400.0;-984110479.22688
41.0;63.0;-71.43669;984110400.0;-984110471.43669
41.0;66.0;-64.16121;984110400.0;-984110464.16121
42.0;46.0;-72.83022;984110400.0;-984110472.83022
42.0;49.0;-82.51583;984110400.0;-984110482.51583
42.0;52.0;-88.77783;984110400.0;-984110488.77783
42.0;55.0;-87.72324;984110400.0;-984110487.72324
42.0;58.0;-86.57896;984110400.0;-984110486.57896
42.0;61.0;-81.05105;984110400.0;-984110481.05105
42.0;64.0;-76.15813;984110400.0;-984110476.15813
42.0;67.0;-67.1376;984110400.0;-984110467.1376
43.0;47.0;-70.30749;984110400.0;-984110470.30749
43.0;50.0;-83.92524;984110400.0;-984110483.92524
43.0;53.0;-86.05372;984110400.0;-984110486.05372
43.0;56.0;-88.39363;984110400.0;-984110488.39363
43.0;59.0;-85.21893;984110400.0;-984110485.21893
43.0;62.0;-82.33899;984110400.0;-984110482.33899
43.0;65.0;-76.12085;984110400.0;-984110476.12085
43.0;68.0;-69.53579;984110400.0;-984110469.53579
44.0;49.0;-77.3662;984110400.0;-984110477.3662
44.0;52.0;-86.45039;984110400.0;-984110486.45039
44.0;55.0;-87.83905;984110400.0;-984110487.83905
44.0;58.0;-89.81544;984110400.0;-984110489.81544
44.0;61.0;-86.46346;984110400.0;-984110486.46346
44.0;64.0;-83.76162;984110400.0;-984110483.76162
44.0;67.0;-77.18327;984110400.0;-984110477.18327
44.0;70.0;-70.88816;984110400.0;-984110470.88816
44.0;73.0;-60.36775;984110400.0;-984110460.36775
45.0;49.0;-72.72398;984110400.0;-984110472.72398
45.0;52.0;-82.70169;984110400.0;-984110482.70169
45.0;55.0;-85.97407;984110400.0;-984110485.97407
45.0;58.0;-89.29897;984110400.0;-984110489.29897
45.0;61.0;-87.32092;984110400.0;-984110487.32092
45.0;64.0;-85.68947;984110400.0;-984110485.68947
45.0;67.0;-80.08505;984110400.0;-984110480.08505
45.0;70.0;-74.60675;984110400.0;-984110474.60675
45.0;73.0;-65.45097;984110400.0;-984110465.45097
46.0;49.0;-69.90019;984110400.0;-984110469.90019
46.0;52.0;-81.58277;984110400.0;-984110481.58277
46.0;55.0;-85.77373;984110400.0;-984110485.77373
46.0;58.0;-90.17962;984110400.0;-984110490.17962
46.0;61.0;-89.58779;984110400.0;-984110489.58779
46.0;64.0;-89.07461;984110400.0;-984110489.07461
46.0;67.0;-84.25034;984110400.0;-984110484.25034
46.0;70.0;-80.40066;984110400.0;-984110480.40066
46.0;73.0;-72.77671;984110400.0;-984110472.77671
46.0;76.0;-65.67254;984110400.0;-984110465.67254
47.0;51.0;-72.53292;984110400.0;-984110472.53292
47.0;54.0;-81.45329;984110400.0;-984110481.45329
47.0;57.0;-85.28849;984110400.0;-984110485.28849
47.0;60.0;-89.18714;984110400.0;-984110489.18714
47.0;63.0;-88.55157;984110400.0;-984110488.55157
47.0;66.0;-88.07863;984110400.0;-984110488.07863
47.0;69.0;-83.73398;984110400.0;-984110483.73398
47.0;72.0;-79.69869;984110400.0;-984110479.69869
47.0;75.0;-71.95314;984110400.0;-984110471.95314
47.0;78.0;-65.51788;984110400.0;-984110465.51788
48.0;52.0;-74.15143;984110400.0;-984110474.15143
48.0;55.0;-80.86592;984110400.0;-984110480.86592
48.0;58.0;-87.60257;984110400.0;-984110487.60257
48.0;61.0;-89.22666;984110400.0;-984110489.22666
48.0;64.0;-91.4674;984110400.0;-984110491.4674
48.0;67.0;-88.78741;984110400.0;-984110488.78741
48.0;70.0;-87.10254;984110400.0;-984110487.10254
48.0;73.0;-82.07701;984110400.0;-984110482.07701
48.0;76.0;-77.36754;984110400.0;-984110477.36754
48.0;79.0;-69.69278;984110400.0;-984110469.69278
49.0;55.0;-75.89531;984110400.0;-984110475.89531
49.0;58.0;-83.71322;984110400.0;-984110483.71322
49.0;61.0;-86.86109;984110400.0;-984110486.86109
49.0;64.0;-89.8547;984110400.0;-984110489.8547
49.0;67.0;-88.69389;984110400.0;-984110488.69389
49.0;70.0;-88.41259;984110400.0;-984110488.41259
49.0;73.0;-84.96058;984110400.0;-984110484.96058
49.0;76.0;-81.81806;984110400.0;-984110481.81806
49.0;79.0;-75.46467;984110400.0;-984110475.46467
49.0;82.0;-69.28343;984110400.0;-984110469.28343
50.0;54.0;-71.39224;984110400.0;-984110471.39224
50.0;57.0;-78.433;984110400.0;-984110478.433
50.0;60.0;-85.681;984110400.0;-984110485.681
50.0;63.0;-88.45838;984110400.0;-984110488.45838
50.0;66.0;-91.75661;984110400.0;-984110491.75661
50.0;69.0;-90.62995;984110400.0;-984110490.62995
50.0;72.0;-90.72604;984110400.0;-984110490.72604
50.0;75.0;-86.94365;984110400.0;-984110486.94365
50.0;78.0;-84.50538;984110400.0;-984110484.50538
50.0;81.0;-78.79638;984110400.0;-984110478.79638
50.0;84.0;-67.56333;984110400.0;-984110467.56333
51.0;54.0;-63.28931;984110400.0;-984110463.28931
51.0;57.0;-72.10429;984110400.0;-984110472.10429
51.0;60.0;-80.85938;984110400.0;-984110480.85938
51.0;63.0;-84.83985;984110400.0;-984110484.83985
51.0;66.0;-89.27104;984110400.0;-984110489.27104
51.0;69.0;-89.44219;984110400.0;-984110489.44219
51.0;72.0;-90.58301;984110400.0;-984110490.58301
51.0;75.0;-87.40841;984110400.0;-984110487.40841
51.0;78.0;-85.90416;984110400.0;-984110485.90416
51.0;81.0;-80.67196;984110400.0;-984110480.67196
51.0;84.0;-71.44209;984110400.0;-984110471.44209
52.0;56.0;-65.8843;984110400.0;-984110465.8843
52.0;59.0;-73.95966;984110400.0;-984110473.95966
52.0;62.0;-82.25429;984110400.0;-984110482.25429
52.0;65.0;-85.88342;984110400.0;-984110485.88342
52.0;68.0;-90.168;984110400.0;-984110490.168
52.0;71.0;-90.2344;984110400.0;-984110490.2344
52.0;74.0;-90.96408;984110400.0;-984110490.96408
52.0;77.0;-88.15364;984110400.0;-984110488.15364
52.0;80.0;-86.26595;984110400.0;-984110486.26595
52.0;83.0;-78.87477;984110400.0;-984110478.87477
52.0;86.0;-66.60641;984110400.0;-984110466.60641
53.0;58.0;-65.69087;984110400.0;-984110465.69087
53.0;62.0;-77.45884;984110400.0;-984110477.45884
53.0;65.0;-82.66641;984110400.0;-984110482.66641
53.0;68.0;-87.83248;984110400.0;-984110487.83248
53.0;71.0;-88.33508;984110400.0;-984110488.33508
53.0;74.0;-89.92642;984110400.0;-984110489.92642
53.0;77.0;-88.088;984110400.0;-984110488.088
53.0;80.0;-86.64566;984110400.0;-984110486.64566
53.0;83.0;-80.27814;984110400.0;-984110480.27814
53.0;86.0;-69.3536;984110400.0;-984110469.3536
54.0;58.0;-60.7333;984110400.0;-984110460.7333
54.0;61.0;-69.88384;984110400.0;-984110469.88384
54.0;64.0;-79.23329;984110400.0;-984110479.23329
54.0;67.0;-84.06268;984110400.0;-984110484.06268
54.0;70.0;-88.70058;984110400.0;-984110488.70058
54.0;73.0;-89.38772;984110400.0;-984110489.38772
54.0;76.0;-90.71399;984110400.0;-984110490.71399
54.0;79.0;-88.54657;984110400.0;-984110488.54657
54.0;82.0;-87.45873;984110400.0;-984110487.45873
54.0;85.0;-76.13921;984110400.0;-984110476.13921
54.0;88.0;-66.31669;984110400.0;-984110466.31669
54.0;91.0;-52.61321;984110400.0;-984110452.61321
55.0;58.0;-52.70576;984110400.0;-984110452.70576
55.0;63.0;-69.81818;984110400.0;-984110469.81818
55.0;66.0;-79.00032;984110400.0;-984110479.00032
55.0;69.0;-83.37636;984110400.0;-984110483.37636
55.0;72.0;-87.67209;984110400.0;-984110487.67209
55.0;75.0;-88.13456;984110400.0;-984110488.13456
55.0;78.0;-89.35714;984110400.0;-984110489.35714
55.0;81.0;-87.33295;984110400.0;-984110487.33295
55.0;84.0;-81.55639;984110400.0;-984110481.55639
55.0;87.0;-71.22075;984110400.0;-984110471.22075
55.0;90.0;-61.71065;984110400.0;-984110461.71065
55.0;93.0;-49.29848;984110400.0;-984110449.29848
56.0;63.0;-65.46082;984110400.0;-984110465.46082
56.0;66.0;-75.767;984110400.0;-984110475.767
56.0;69.0;-81.18833;984110400.0;-984110481.18833
56.0;72.0;-86.46346;984110400.0;-984110486.46346
56.0;75.0;-87.85167;984110400.0;-984110487.85167
56.0;78.0;-89.85616;984110400.0;-984110489.85616
56.0;81.0;-88.51269;984110400.0;-984110488.51269
56.0;84.0;-83.92319;984110400.0;-984110483.92319
56.0;87.0;-74.45444;984110400.0;-984110474.45444
56.0;90.0;-65.98673;984110400.0;-984110465.98673
57.0;67.0;-71.96081;984110400.0;-984110471.96081
57.0;70.0;-79.51719;984110400.0;-984110479.51719
57.0;73.0;-83.0496;984110400.0;-984110483.0496
57.0;76.0;-87.06432;984110400.0;-984110487.06432
57.0;79.0;-87.26105;984110400.0;-984110487.26105
57.0;82.0;-88.33399;984110400.0;-984110488.33399
57.0;85.0;-80.47215;984110400.0;-984110480.47215
57.0;88.0;-73.82469;984110400.0;-984110473.82469
57.0;91.0;-63.9897;984110400.0;-984110463.9897
58.0;69.0;-73.2463;984110400.0;-984110473.2463
58.0;72.0;-80.48604;984110400.0;-984110480.48604
58.0;75.0;-83.45786;984110400.0;-984110483.45786
58.0;78.0;-87.41415;984110400.0;-984110487.41415
58.0;81.0;-87.49523;984110400.0;-984110487.49523
58.0;84.0;-84.95186;984110400.0;-984110484.95186
58.0;87.0;-77.52707;984110400.0;-984110477.52707
58.0;90.0;-71.30459;984110400.0;-984110471.30459
58.0;93.0;-62.19492;984110400.0;-984110462.19492
59.0;71.0;-72.9041;984110400.0;-984110472.9041
59.0;74.0;-79.58068;984110400.0;-984110479.58068
59.0;77.0;-82.85939;984110400.0;-984110482.85939
59.0;80.0;-85.95625;984110400.0;-984110485.95625
59.0;83.0;-84.68883;984110400.0;-984110484.68883
59.0;86.0;-80.54358;984110400.0;-984110480.54358
59.0;89.0;-73.46502;984110400.0;-984110473.46502
59.0;92.0;-67.55521;984110400.0;-984110467.55521
59.0;95.0;-58.40965;984110400.0;-984110458.40965
60.0;71.0;-68.96602;984110400.0;-984110468.96602
60.0;74.0;-76.59278;984110400.0;-984110476.59278
60.0;77.0;-80.71737;984110400.0;-984110480.71737
60.0;80.0;-84.77782;984110400.0;-984110484.77782
60.0;83.0;-84.228;984110400.0;-984110484.228
60.0;86.0;-81.08125;984110400.0;-984110481.08125
60.0;89.0;-75.31876;984110400.0;-984110475.31876
60.0;92.0;-70.54584;984110400.0;-984110470.54584
60.0;95.0;-62.35848;984110400.0;-984110462.35848
61.0;72.0;-66.99431;984110400.0;-984110466.99431
61.0;75.0;-72.81788;984110400.0;-984110472.81788
61.0;78.0;-78.78253;984110400.0;-984110478.78253
61.0;81.0;-82.19878;984110400.0;-984110482.19878
61.0;84.0;-82.12994;984110400.0;-984110482.12994
61.0;87.0;-77.4314;984110400.0;-984110477.4314
61.0;90.0;-74.64313;984110400.0;-984110474.64313
61.0;93.0;-68.77338;984110400.0;-984110468.77338
61.0;96.0;-62.61998;984110400.0;-984110462.61998
62.0;73.0;-63.75369;984110400.0;-984110463.75369
62.0;76.0;-72.30344;984110400.0;-984110472.30344
62.0;79.0;-76.77218;984110400.0;-984110476.77218
62.0;82.0;-82.45805;984110400.0;-984110482.45805
62.0;85.0;-78.9921;984110400.0;-984110478.9921
62.0;88.0;-77.69709;984110400.0;-984110477.69709
62.0;91.0;-73.45521;984110400.0;-984110473.45521
62.0;94.0;-69.77478;984110400.0;-984110469.77478
62.0;97.0;-62.52424;984110400.0;-984110462.52424
63.0;75.0;-63.41075;984110400.0;-984110463.41075
63.0;78.0;-71.39751;984110400.0;-984110471.39751
63.0;81.0;-76.51403;984110400.0;-984110476.51403
63.0;84.0;-78.27666;984110400.0;-984110478.27666
63.0;87.0;-75.62343;984110400.0;-984110475.62343
63.0;90.0;-74.66423;984110400.0;-984110474.66423
63.0;93.0;-70.83625;984110400.0;-984110470.83625
63.0;96.0;-66.6883;984110400.0;-984110466.6883
63.0;99.0;-59.22578;984110400.0;-984110459.22578
64.0;77.0;-64.15386;984110400.0;-984110464.15386
64.0;80.0;-71.88563;984110400.0;-984110471.88563
64.0;83.0;-75.05977;984110400.0;-984110475.05977
64.0;86.0;-75.76262;984110400.0;-984110475.76262
64.0;89.0;-74.013;984110400.0;-984110474.013
64.0;92.0;-73.15685;984110400.0;-984110473.15685
64.0;95.0;-68.93274;984110400.0;-984110468.93274
64.0;98.0;-64.63986;984110400.0;-984110464.63986
65.0;76.0;-56.01193;984110400.0;-984110456.01193
65.0;79.0;-63.37986;984110400.0;-984110463.37986
65.0;82.0;-71.54277;984110400.0;-984110471.54277
65.0;85.0;-71.24718;984110400.0;-984110471.24718
65.0;88.0;-72.55503;984110400.0;-984110472.55503
65.0;91.0;-71.41806;984110400.0;-984110471.41806
65.0;94.0;-70.50183;984110400.0;-984110470.50183
65.0;97.0;-66.14299;984110400.0;-984110466.14299
65.0;101.0;-58.17889;984110400.0;-984110458.17889
66.0;79.0;-58.87297;984110400.0;-984110458.87297
66.0;82.0;-68.22477;984110400.0;-984110468.22477
66.0;85.0;-68.5158;984110400.0;-984110468.5158
66.0;88.0;-70.97841;984110400.0;-984110470.97841
66.0;91.0;-70.32663;984110400.0;-984110470.32663
66.0;94.0;-70.18147;984110400.0;-984110470.18147
66.0;97.0;-66.84938;984110400.0;-984110466.84938
66.0;100.0;-63.13963;984110400.0;-984110463.13963
66.0;103.0;-56.23367;984110400.0;-984110456.23367
67.0;79.0;-53.04513;984110400.0;-984110453.04513
67.0;82.0;-62.77708;984110400.0;-984110462.77708
67.0;85.0;-64.21116;984110400.0;-984110464.21116
67.0;88.0;-67.53004;984110400.0;-984110467.53004
67.0;91.0;-67.71009;984110400.0;-984110467.71009
67.0;94.0;-68.33747;984110400.0;-984110468.33747
67.0;97.0;-65.92494;984110400.0;-984110465.92494
67.0;100.0;-63.28483;984110400.0;-984110463.28483
67.0;103.0;-57.07362;984110400.0;-984110457.07362
68.0;79.0;-47.61129;984110400.0;-984110447.61129
68.0;82.0;-58.31127;984110400.0;-984110458.31127
68.0;85.0;-60.7318;984110400.0;-984110460.7318
68.0;88.0;-64.76813;984110400.0;-984110464.76813
68.0;91.0;-65.6878;984110400.0;-984110465.6878
68.0;94.0;-67.1663;984110400.0;-984110467.1663
68.0;97.0;-65.51224;984110400.0;-984110465.51224
68.0;100.0;-63.85205;984110400.0;-984110463.85205
68.0;103.0;-58.75604;984110400.0;-984110458.75604
69.0;79.0;-39.84776;984110400.0;-984110439.84776
69.0;84.0;-55.07864;984110400.0;-984110455.07864
69.0;87.0;-57.96353;984110400.0;-984110457.96353
69.0;90.0;-62.26367;984110400.0;-984110462.26367
69.0;93.0;-62.84414;984110400.0;-984110462.84414
69.0;96.0;-64.15096;984110400.0;-984110464.15096
69.0;99.0;-62.60811;984110400.0;-984110462.60811
69.0;102.0;-60.55887;984110400.0;-984110460.55887
69.0;105.0;-54.98332;984110400.0;-984110454.98332
70.0;81.0;-42.24152;984110400.0;-984110442.24152
70.0;85.0;-51.18389;984110400.0;-984110451.18389
70.0;88.0;-56.79422;984110400.0;-984110456.79422
70.0;91.0;-59.1907;984110400.0;-984110459.1907
70.0;94.0;-62.25771;984110400.0;-984110462.25771
70.0;97.0;-61.95914;984110400.0;-984110461.95914
70.0;100.0;-61.94729;984110400.0;-984110461.94729
70.0;103.0;-58.66865;984110400.0;-984110458.66865
70.0;106.0;-54.96222;984110400.0;-984110454.96222
71.0;82.0;-39.7419;984110400.0;-984110439.7419
71.0;86.0;-48.38156;984110400.0;-984110448.38156
71.0;89.0;-52.1317;984110400.0;-984110452.1317
71.0;92.0;-56.65581;984110400.0;-984110456.65581
71.0;95.0;-58.27381;984110400.0;-984110458.27381
71.0;98.0;-59.87472;984110400.0;-984110459.87472
71.0;101.0;-58.2199;984110400.0;-984110458.2199
71.0;104.0;-56.82803;984110400.0;-984110456.82803
71.0;107.0;-52.05078;984110400.0;-984110452.05078
71.0;110.0;-46.89262;984110400.0;-984110446.89262
72.0;86.0;-43.24695;984110400.0;-984110443.24695
72.0;89.0;-47.49725;984110400.0;-984110447.49725
72.0;92.0;-52.97805;984110400.0;-984110452.97805
72.0;95.0;-55.29447;984110400.0;-984110455.29447
72.0;98.0;-57.62989;984110400.0;-984110457.62989
72.0;101.0;-56.76563;984110400.0;-984110456.76563
72.0;104.0;-56.14327;984110400.0;-984110456.14327
72.0;107.0;-52.15769;984110400.0;-984110452.15769
72.0;110.0;-48.08285;984110400.0;-984110448.08285
72.0;113.0;-40.2169;984110400.0;-984110440.2169
73.0;86.0;-36.29517;984110400.0;-984110436.29517
73.0;89.0;-41.70789;984110400.0;-984110441.70789
73.0;92.0;-47.77604;984110400.0;-984110447.77604
73.0;95.0;-50.71976;984110400.0;-984110450.71976
73.0;98.0;-53.93428;984110400.0;-984110453.93428
73.0;101.0;-53.72418;984110400.0;-984110453.72418
73.0;104.0;-53.83823;984110400.0;-984110453.83823
73.0;108.0;-50.72439;984110400.0;-984110450.72439
73.0;111.0;-44.88964;984110400.0;-984110444.88964
73.0;114.0;-38.71947;984110400.0;-984110438.71947
74.0;88.0;-35.15704;984110400.0;-984110435.15704
74.0;91.0;-40.15276;984110400.0;-984110440.15276
74.0;94.0;-46.15502;984110400.0;-984110446.15502
74.0;97.0;-48.39605;984110400.0;-984110448.39605
74.0;100.0;-51.73602;984110400.0;-984110451.73602
74.0;103.0;-51.49194;984110400.0;-984110451.49194
74.0;106.0;-51.48996;984110400.0;-984110451.48996
74.0;109.0;-48.12712;984110400.0;-984110448.12712
74.0;112.0;-44.03532;984110400.0;-984110444.03532
74.0;115.0;-36.9785;984110400.0;-984110436.9785
75.0;86.0;-22.46932;984110400.0;-984110422.46932
75.0;90.0;-32.22626;984110400.0;-984110432.22626
75.0;94.0;-39.89521;984110400.0;-984110439.89521
75.0;97.0;-43.27816;984110400.0;-984110443.27816
75.0;100.0;-47.11826;984110400.0;-984110447.11826
75.0;103.0;-47.59996;984110400.0;-984110447.59996
75.0;106.0;-48.58138;984110400.0;-984110448.58138
75.0;109.0;-46.19032;984110400.0;-984110446.19032
75.0;112.0;-43.00823;984110400.0;-984110443.00823
75.0;115.0;-36.84182;984110400.0;-984110436.84182
75.0;118.0;-31.29816;984110400.0;-984110431.29816
76.0;91.0;-27.65354;984110400.0;-984110427.65354
76.0;94.0;-34.81651;984110400.0;-984110434.81651
76.0;97.0;-38.49984;984110400.0;-984110438.49984
76.0;100.0;-43.38826;984110400.0;-984110443.38826
76.0;103.0;-44.72492;984110400.0;-984110444.72492
76.0;106.0;-46.30067;984110400.0;-984110446.30067
76.0;109.0;-44.55513;984110400.0;-984110444.55513
76.0;112.0;-42.16927;984110400.0;-984110442.16927
76.0;115.0;-37.04901;984110400.0;-984110437.04901
76.0;118.0;-32.74699;984110400.0;-984110432.74699
77.0;90.0;-18.7705;984110400.0;-984110418.7705
77.0;94.0;-28.08297;984110400.0;-984110428.08297
77.0;97.0;-32.45738;984110400.0;-984110432.45738
77.0;100.0;-38.1577;984110400.0;-984110438.1577
77.0;103.0;-40.28425;984110400.0;-984110440.28425
77.0;106.0;-42.31841;984110400.0;-984110442.31841
77.0;109.0;-41.34961;984110400.0;-984110441.34961
77.0;112.0;-39.73632;984110400.0;-984110439.73632
77.0;115.0;-36.05723;984110400.0;-984110436.05723
77.0;118.0;-32.34907;984110400.0;-984110432.34907
77.0;122.0;-25.44539;984110400.0;-984110425.44539
78.0;93.0;-18.50934;984110400.0;-984110418.50934
78.0;96.0;-26.26952;984110400.0;-984110426.26952
78.0;99.0;-31.0709;984110400.0;-984110431.0709
78.0;102.0;-35.76314;984110400.0;-984110435.76314
78.0;105.0;-37.50968;984110400.0;-984110437.50968
78.0;108.0;-39.5715;984110400.0;-984110439.5715
78.0;111.0;-38.09496;984110400.0;-984110438.09496
78.0;114.0;-37.046;984110400.0;-984110437.046
78.0;117.0;-33.5714;984110400.0;-984110433.5714
78.0;120.0;-30.39658;984110400.0;-984110430.39658
78.0;123.0;-24.30029;984110400.0;-984110424.30029
79.0;93.0;-10.75621;984110400.0;-984110410.75621
79.0;97.0;-20.14113;984110400.0;-984110420.14113
79.0;100.0;-26.96416;984110400.0;-984110426.96416
79.0;103.0;-30.40335;984110400.0;-984110430.40335
79.0;106.0;-33.92058;984110400.0;-984110433.92058
79.0;109.0;-34.09666;984110400.0;-984110434.09666
79.0;112.0;-35.2315;984110400.0;-984110435.2315
79.0;115.0;-33.42323;984110400.0;-984110433.42323
79.0;118.0;-31.60594;984110400.0;-984110431.60594
79.0;121.0;-27.23004;984110400.0;-984110427.23004
79.0;124.0;-23.61907;984110400.0;-984110423.61907
80.0;95.0;-8.794784;984110400.0;-984110408.794784
80.0;98.0;-17.07767;984110400.0;-984110417.07767
80.0;101.0;-21.90445;984110400.0;-984110421.90445
80.0;104.0;-27.5659;984110400.0;-984110427.5659
80.0;107.0;-29.48432;984110400.0;-984110429.48432
80.0;110.0;-32.43068;984110400.0;-984110432.43068
80.0;113.0;-32.2497;984110400.0;-984110432.2497
80.0;116.0;-32.24534;984110400.0;-984110432.24534
80.0;119.0;-29.74152;984110400.0;-984110429.74152
80.0;122.0;-27.43996;984110400.0;-984110427.43996
80.0;125.0;-23.0744;984110400.0;-984110423.0744
80.0;128.0;-14.80623;984110400.0;-984110414.80623
81.0;98.0;-9.34119;984110400.0;-984110409.34119
81.0;101.0;-14.67399;984110400.0;-984110414.67399
81.0;104.0;-20.98264;984110400.0;-984110420.98264
81.0;107.0;-23.76148;984110400.0;-984110423.76148
81.0;111.0;-27.42192;984110400.0;-984110427.42192
81.0;114.0;-28.74739;984110400.0;-984110428.74739
81.0;117.0;-27.99211;984110400.0;-984110427.99211
81.0;120.0;-27.88435;984110400.0;-984110427.88435
81.0;123.0;-24.81563;984110400.0;-984110424.81563
81.0;126.0;-21.91418;984110400.0;-984110421.91418
81.0;129.0;-10.21467;984110400.0;-984110410.21467
82.0;96.0;3.298376;984110400.0;-984110396.701624
82.0;99.0;-4.587034;984110400.0;-984110404.587034
82.0;102.0;-11.97479;984110400.0;-984110411.97479
82.0;105.0;-16.52179;984110400.0;-984110416.52179
82.0;108.0;-21.62343;984110400.0;-984110421.62343
82.0;111.0;-24.1933;984110400.0;-984110424.1933
82.0;114.0;-26.12013;984110400.0;-984110426.12013
82.0;117.0;-25.55053;984110400.0;-984110425.55053
82.0;120.0;-26.01221;984110400.0;-984110426.01221
82.0;123.0;-24.0723;984110400.0;-984110424.0723
82.0;126.0;-22.79061;984110400.0;-984110422.79061
82.0;129.0;-11.74863;984110400.0;-984110411.74863
82.0;132.0;-1.393018;984110400.0;-984110401.393018
83.0;104.0;-8.491374;984110400.0;-984110408.491374
83.0;107.0;-12.50602;984110400.0;-984110412.50602
83.0;110.0;-17.26645;984110400.0;-984110417.26645
83.0;114.0;-20.63032;984110400.0;-984110420.63032
83.0;117.0;-21.18024;984110400.0;-984110421.18024
83.0;120.0;-22.28847;984110400.0;-984110422.28847
83.0;123.0;-20.71931;984110400.0;-984110420.71931
83.0;126.0;-19.05343;984110400.0;-984110419.05343
83.0;129.0;-9.353382;984110400.0;-984110409.353382
83.0;132.0;-0.07588688;984110400.0;-984110400.0758868
83.0;135.0;11.49791;984110400.0;-984110388.50209
84.0;104.0;-2.129451;984110400.0;-984110402.129451
84.0;107.0;-6.915765;984110400.0;-984110406.915765
84.0;110.0;-12.48056;984110400.0;-984110412.48056
84.0;113.0;-14.87173;984110400.0;-984110414.87173
84.0;116.0;-17.59988;984110400.0;-984110417.59988
84.0;119.0;-18.33565;984110400.0;-984110418.33565
84.0;122.0;-19.02592;984110400.0;-984110419.02592
84.0;125.0;-17.18853;984110400.0;-984110417.18853
84.0;128.0;-12.0184;984110400.0;-984110412.0184
84.0;131.0;-1.672918;984110400.0;-984110401.672918
84.0;134.0;7.123512;984110400.0;-984110392.876488
84.0;137.0;18.32832;984110400.0;-984110381.67168
85.0;107.0;0.2554656;984075460.0;-984075455.7445344
85.0;110.0;-5.398078;984075460.0;-984075461.398078
85.0;114.0;-10.36409;984110400.0;-984110410.36409
85.0;117.0;-12.05335;984110400.0;-984110412.05335
85.0;120.0;-13.69821;984110400.0;-984110413.69821
85.0;123.0;-13.18126;984110400.0;-984110413.18126
85.0;126.0;-12.95886;984110400.0;-984110412.95886
85.0;129.0;-4.333354;984110400.0;-984110404.333354
85.0;132.0;3.524492;984110400.0;-984110396.475508
85.0;135.0;13.18323;984110400.0;-984110386.81677
85.0;138.0;21.54086;984110400.0;-984110378.45914
86.0;108.0;3.834539;984075460.0;-984075452.165461
86.0;111.0;-0.2666803;984075460.0;-984075456.2666802
86.0;114.0;-4.966416;984075460.0;-984075460.966416
86.0;117.0;-7.00425;984075460.0;-984075463.00425
86.0;120.0;-9.752754;984075460.0;-984075465.752754
86.0;123.0;-9.665279;984075460.0;-984075465.665279
86.0;126.0;-9.831688;984075460.0;-984075465.831688
86.0;129.0;-1.934854;984110400.0;-984110401.934854
86.0;132.0;4.690207;984110400.0;-984110395.309793
86.0;135.0;13.26157;984110400.0;-984110386.73843
86.0;138.0;20.70865;984110400.0;-984110379.29135
86.0;141.0;30.21563;984110400.0;-984110369.78437
87.0;112.0;4.92445;984075460.0;-984075451.07555
87.0;116.0;-0.5405752;984075460.0;-984075456.5405751
87.0;119.0;-2.463487;984075460.0;-984075458.463487
87.0;122.0;-4.952369;984075460.0;-984075460.952369
87.0;125.0;-5.099063;984075460.0;-984075461.099063
87.0;128.0;-1.185708;984075460.0;-984075457.185708
87.0;131.0;6.338252;984075460.0;-984075449.661748
87.0;134.0;12.13361;984075460.0;-984075443.86639
87.0;137.0;19.90105;984075460.0;-984075436.09895
87.0;140.0;27.37237;984110400.0;-984110372.62763
87.0;143.0;36.49992;984110400.0;-984110363.50008
88.0;115.0;7.41685;984075460.0;-984075448.58315
88.0;118.0;2.913597;984075460.0;-984075453.086403
88.0;121.0;1.159328;984075460.0;-984075454.840672
88.0;124.0;-1.011556;984075460.0;-984075457.011556
88.0;127.0;1.717056;984075460.0;-984075454.282944
88.0;130.0;6.092397;984075460.0;-984075449.907603
88.0;133.0;12.62952;984075460.0;-984075443.37048
88.0;136.0;17.97588;984075460.0;-984075438.02412
88.0;139.0;25.47882;984075460.0;-984075430.52118
88.0;142.0;32.60506;984075460.0;-984075423.39494
88.0;145.0;42.35206;984075460.0;-984075413.64794
89.0;119.0;9.278776;984075460.0;-984075446.721224
89.0;122.0;5.837883;984075460.0;-984075450.162117
89.0;125.0;4.857984;984075460.0;-984075451.142016
89.0;128.0;7.090429;984075460.0;-984075448.909571
89.0;131.0;13.09101;984075460.0;-984075442.90899
89.0;134.0;16.87404;984075460.0;-984075439.12596
89.0;137.0;23.1049;984075460.0;-984075432.8951
89.0;140.0;28.84213;984075460.0;-984075427.15787
89.0;143.0;36.75948;984075460.0;-984075419.24052
89.0;146.0;45.19672;984075460.0;-984075410.80328
90.0;119.0;15.29916;984075460.0;-984075440.70084
90.0;122.0;11.40302;984075460.0;-984075444.59698
90.0;125.0;9.992489;984075460.0;-984075446.007511
90.0;128.0;11.3877;984075460.0;-984075444.6123
90.0;131.0;16.52039;984075460.0;-984075439.47961
90.0;134.0;19.49584;984075460.0;-984075436.50416
90.0;137.0;24.58663;984075460.0;-984075431.41337
90.0;140.0;29.64833;984075460.0;-984075426.35167
90.0;143.0;36.71983;984075460.0;-984075419.28017
90.0;146.0;44.84065;984075460.0;-984075411.15935
91.0;122.0;18.12478;984075460.0;-984075437.87522
91.0;125.0;16.00767;984075460.0;-984075439.99233
91.0;128.0;16.74908;984075460.0;-984075439.25092
91.0;133.0;23.16584;984075460.0;-984075432.83416
91.0;136.0;25.91875;984075460.0;-984075430.08125
91.0;139.0;30.9759;984075460.0;-984075425.0241
91.0;142.0;35.93966;984075460.0;-984075420.06034
91.0;145.0;43.58424;984075460.0;-984075412.41576
92.0;126.0;21.36169;984075460.0;-984075434.63831
92.0;132.0;25.38183;984075460.0;-984075430.61817
92.0;135.0;28.13547;984075460.0;-984075427.86453
92.0;138.0;30.86051;984075460.0;-984075425.13949
92.0;141.0;35.68804;984075460.0;-984075420.31196
92.0;144.0;41.50601;984075460.0;-984075414.49399
92.0;147.0;49.49929;984075460.0;-984075406.50071
93.0;134.0;31.30614;984075460.0;-984075424.69386
93.0;137.0;34.02418;984075460.0;-984075421.97582
93.0;141.0;38.34322;984075460.0;-984075417.65678
93.0;144.0;43.21035;984075460.0;-984075412.78965
93.0;147.0;50.85964;984075460.0;-984075405.14036
94.0;134.0;35.50871;984075650.0;-984075612.49129
94.0;137.0;37.44441;984075650.0;-984075610.55559
94.0;140.0;39.11748;984075650.0;-984075608.88252
94.0;143.0;43.35243;984075650.0;-984075604.64757
94.0;146.0;48.6927;984075460.0;-984075407.3073
94.0;149.0;56.19522;984075460.0;-984075399.80478
94.0;152.0;63.82886;984075460.0;-984075392.17114
95.0;144.0;47.74081;984075650.0;-984075600.25919
95.0;147.0;53.57089;984075650.0;-984075594.42911
95.0;150.0;60.00285;984075650.0;-984075587.99715
96.0;140.0;46.56961;984075650.0;-984075601.43039
96.0;143.0;49.32619;984075650.0;-984075598.67381
96.0;146.0;53.63283;984075650.0;-984075594.36717
96.0;149.0;59.45875;984075650.0;-984075588.54125
96.0;152.0;65.99722;984075650.0;-984075582.00278
96.0;155.0;74.71933;984075650.0;-984075573.28067
97.0;148.0;60.04207;984075650.0;-984075587.95793
97.0;152.0;67.91362;984075650.0;-984075580.08638
98.0;139.0;56.27738;984075650.0;-984075591.72262
98.0;146.0;60.32692;984075650.0;-984075587.67308
98.0;149.0;64.90959;984075650.0;-984075583.09041
98.0;152.0;69.8952;984075650.0;-984075578.1048
98.0;155.0;77.52358;984075650.0;-984075570.47642
99.0;152.0;72.91828;984075650.0;-984075575.08172
99.0;155.0;79.8611;984075650.0;-984075568.1389
100.0;148.0;70.60538;984075650.0;-984075577.39462
100.0;151.0;74.74792;984075650.0;-984075573.25208
100.0;154.0;79.36814;984075650.0;-984075568.63186
100.0;157.0;86.72362;984075650.0;-984075561.27638
101.0;156.0;86.76966;984075650.0;-984075561.23034
102.0;151.0;82.73091;984125060.0;-984124973.26909
102.0;154.0;86.213;984125060.0;-984124969.787
103.0;153.0;89.55633;984125060.0;-984124966.44367
104.0;154.0;94.544;984125060.0;-984124961.456
106.0;154.0;104.95;984125060.0;-984124951.05
108.0;156.0;118.1604;984125060.0;-984124937.8396
110.0;159.0;132.6079;984125060.0;-984124923.3921
